mean=0.0301241185511
median=0.0135839833
